1 2 16 10	45905841
1 22 24 27 20	58128038
1 2 16 12	46819741
18 19	49153288
0 19	56937744
24 26 20	60714277
1 2 5 4	59465060
18 25	55417824
18 13 27	56373657
18 26	57767797
18 2 16 15	48209713
18 27	37596310
18 22	43394728
18 2 16 19	57118919
18 24	41757115
18 13 20	56658866
18 2 16 10	58976469
18 20	37946216
18 2 16 13	56399390
18 2 16 12	59968140
1 2 16 21	58978973
1 2 16 20	30778429
1 2 16 23	58115274
1 18 2 22 27	56175596
1 18 2 22 24	59096915
1 18 2 22 20	56213487
0	37552405
1	5727818
18 2 24 20 15	60613787
2	1892139
18 2 16 27	46914838
4	26132745
1 16 25 20	57174286
5	38231291
6	27361583
7	38697562
18 2 16 20	47215567
1 7 19	61081899
1 2 16 19	42906307
18 2 16 24	50724231
1 2 16 13	41899391
1 2 16 15	32449991
2 22 16 27 20	51802721
1 18 2 16 4	58328862
1 2 16 25	50372389
1 2 16 24	34958803
1 2 16 27	30589886
1 2 16 26	53159631
2 22 16 27 19	61073576
2 22 16 27 15	53443102
2 22 24 4	56182030
24 26 27	60538759
18 15	39055846
18 16	36634902
18 13 15	57095289
18 10	51126788
1 10 4	53779602
18 12	52315092
18 13	48207746
1 18 2 12	56600749
2 22 15 0	61222262
1 18 2 13	52203091
1 18 2 16	41759341
1 18 2 15	44135276
18 2 0	56697565
18 2 4	48098224
2 22 15 4	54137241
1 18 2 10	55570737
18 2 5	57527295
2 16 24 27 4	57849017
1 16 13 19	59016605
18 2 7	57275707
2 27 20 15 4	56874664
1 16 13 15	50837897
1 2 16 20 15 19	60779302
16 25 4	60755430
16 24 13 27	58006114
1 18 2 0	59627298
1 18 2 7	60418324
1 18 2 4	51471996
1 18 2 5	60511582
6 27 4	55116068
2 16 27 15 19	57325343
24 27 20 10	61184661
24 27 20 19	59383079
2 22 15 19	55897481
2 24 20 15 4	59938115
24 27 20 15	51525781
1 16 25 15	58234933
2 16 10 19	59966213
16 24 13 20	58192811
2 22 15 12	58872872
1 2 24 20 4	54243156
2 22 15 10	57927099
2 16 27 15 10	59611415
1 2 16 24 13 27	61507456
2 16 27 15 12	60572995
24 27 15 19	60275587
1 18 2 22	47874596
1 18 2 25	59591922
1 18 2 24	46645029
1 18 2 27	42797037
1 18 2 26	61493613
16 24 13 15	58977346
1 18 2 20	43139297
1 5 20 15	59696045
2 16 26 15	59515537
1 18 2 19	53637162
1 16 13 20	49945930
1 16 13 27	49745237
2 13 15 4	57641512
2 24 20 15	43628780
16 12 4	58674069
26 27 15	59183754
2 24 21	59731886
2 24 20	32134300
2 24 20 12	56518506
2 24 20 10	54862729
1 25 20	50084013
6 1 16 4	57641799
2 24 20 19	53082540
2 24 20 4	50929610
6 24 27 15	59843796
1 0 4	57806287
2 24 20 7	60421321
2 24 25	51391959
16 5 15	56041884
2 24 23	58470595
26 27 20	57363513
2 24 27	32020134
2 24 26	54158319
1 13 27	41790726
15 0	48091212
1 13 25	58419131
2 24 10	46886912
1 13 26	60881130
1 2 24 23	61269313
1 2 24 27	36230707
15 7	49995825
6 2 22 27 20	60860997
1 2 24 25	54823205
1 2 24 26	57059231
15 4	38636646
2 24 19	44080828
1 2 25 20 15	60163815
16 5 20	54731148
2 24 13	43224897
2 24 12	48324605
1 13 20	42030243
2 24 15	33677667
1 24 27 15	46367821
1 13 19	52149475
1 24 27 19	54484543
1 13 15	43033183
2 12 19	54227629
1 13 12	55731981
1 16 5 15	58992430
2 16 24 20 19	59731777
1 2 26 4	61002458
1 13 10	54940885
1 13 27 4	58664182
2 24 27 15 4	60384580
1 24 27 10	57326175
2 16 24 20 15	51038621
1 24 27 12	58644318
2 16 24 20 10	61327556
1 2 22 15 4	57171572
1 16 5 20	57851234
6 13 20	56534560
6 13 27	56290635
1 2 16 13 20 15	59706629
6 24 27 20	58294214
1 24 27 20	44834485
1 24 27 25	61148308
4 19	48374420
6 13 15	57796583
1 24 15 10	58277302
2 22 16 20 4	59296121
1 24 15 12	59616154
1 2 16 20 15	42410523
1 24 15 19	55917537
1 2 16 20 19	51969371
6 22 16	52378539
6 22 15	54236043
1 2 16 20 10	53908494
6 22 13	61169508
1 2 16 20 12	55060236
1 2 13 0	59032349
1 2 12 19	57442282
6 22 20	52483634
6 22 27	52448707
1 2 13 5	60450437
6 22 24	55984610
1 2 13 7	61060504
1 2 13 4	51428460
24 5	50553161
24 4	41140248
1 18 2 22 15	57060278
18 2 24 27 20	59733114
2 15 4 19	58662157
1 18 2 22 16	55336644
1 2 24 19	47620682
24 0	49917107
1 2 24 12	51791674
18 2 24 19	61228435
1 2 24 13	46428006
1 2 24 10	50481549
18 2 24 15	52662060
18 2 24 13	60206087
24 7	51804917
1 2 24 15	37806640
2 20 15 4	48540287
2 20 15 7	58719076
1 2 24 20	36394626
2 20 15 0	57126872
6 1 2 27 4	58984977
18 2 24 20	51994252
18 2 24 27 15	60535431
18 2 24 27	51712650
1 25 19	58848618
1 25 15	51349162
1 22 24 27 15	59509812
2 27 10	42919684
2 27 12	44137300
1 2 16 24 20	44771374
2 16 13 27 15	57162719
1 2 5 20	51953902
2 13 15 10	61376177
1 24 27 20 15	54976665
2 12 7	61250093
2 5 19	58536851
2 24 5 15	60373681
18 2 16 4	55337068
2 12 4	52984530
1 18 2 16 27 20	58407828
1 2 16 24 19	54843531
2 22 16 15 4	60808458
2 13 15 19	59128055
1 2 16 24 13	54004383
2 27 19	39808674
2 5 20	48517910
1 2 16 24 12	58550859
2 27 15	29839867
1 2 16 24 15	45919558
2 16 13 27 20	55975339
2 24 5 20	59275478
18 2 25	56351387
2 5 15	50045536
18 2 26	58710302
18 2 24	42930159
2 12 0	60389096
18 2 22 27 20	60728857
2 5 10	60925024
1 24 20 19	55210683
18 2 27	38821251
1 2 16 24 25	61486934
1 24 20 12	58678254
1 24 20 15	46214864
18 2 22	44452073
1 2 16 24 27	44550244
1 24 20 10	57132131
18 2 20	39120420
6 1 13 15	60352293
1 2 22 13 20	56382727
1 2 13 27 4	59426953
18 2 15	40248751
18 2 12	53314127
18 2 13	49137640
18 2 19	50226016
18 2 16	37856308
1 2 22 16 24 20	58209286
1 2 22 16 24 27	58169673
6 1 2 27 20 15	60685240
18 2 10	52183464
6 1 13 27	58977130
1 2 27 25 15	60221169
1 10 12	59110215
6 1 13 20	59219877
2 15 19	41724366
24 13 20 15	60056838
1 10 19	55535665
2 15 10	44401545
2 15 12	45665933
1 2 22 13 27	56548143
16 27 15 4	55041683
1 18 2 16 27 15	59425710
1 2 22 16 24 15	59224266
1 2 16 24 20 4	60711299
1 2 27 25 20	58849663
16 20 15 19	56660824
5 20 15	56645495
16 20 15 10	58058370
16 20 15 12	59434543
7 4	56094917
6 1 2 16 27 15	59884788
2 27 20 15 19	58662752
1 2 16 13 27 15	59813748
2 27 20 15 10	60331925
6 1 2 16 27 20	58176995
22 16 24 27	54235174
1 2 22 13 15	57410239
1 2 20 23	58537281
22 16 24 20	54261811
20 12 19	60817311
1 26 27 20	60296920
1 15 4	42487309
6 2 15 10	61414881
1 15 0	51446927
1 2 16 13 27 20	58747327
1 15 7	53431331
6 2 15 19	59626331
2 13 27 19	57913350
20 7	47948072
20 4	36552016
1 16 27 20 4	56254329
22 21	60227029
22 20	32951787
1 22 15	38824023
22 27 0	59474422
1 22 16	36203487
2 16 27 20 10	57991031
22 16	32300429
22 15	34850378
1 22 10	50989151
2 16 27 20 12	59127239
22 13	44030362
1 22 12	51914951
22 12	48682265
1 22 13	47054325
2 13 27 10	60579180
22 27 7	60992172
2 16 27 20 15	47837046
20 0	46951350
1 22 19	48544827
2 16 27 20 19	56083653
2 13 27 15	50184556
22 27 4	51939320
2 13 27 12	61409501
22 27 5	60505406
22 19	45177686
2 27 23	56264273
6 2 15 4	57830689
1 2 16 24 10	57495767
2 27 20	27531567
1 22 20	36968631
1 22 25	55176262
1 22 26	57665406
1 22 27	37115096
22 27	33142296
22 26	54962404
22 25	51928714
22 24	37171033
22 23	59579126
1 22 24	40872337
2 13 27 20	48889800
27 10 19	59468970
2 27 25	47221357
2 16 5	47978913
2 16 7	47874327
24 13 27 20	59185574
2 16 4	36829497
6 2 20 19	58377530
2 16 0	47317010
6 2 20 15	49812417
6 2 20 12	60933499
6 2 20 10	59852434
2 20 10 4	58591015
16 13 19	56424471
16 13 15	47825152
16 13 12	59690070
16 13 10	58944837
6 1 20 4	58101477
1 2 24 15 4	55690364
1 2 20 15	33984668
26 20	49468537
1 2 20 19	44427206
16 13 27	46636236
18 2 20 15	49568958
22 16 24 15	55324688
18 2 20 12	60884358
1 2 20 10	46651872
18 2 20 10	59576178
1 2 20 12	47967227
16 13 20	46805934
24 13 4	59098279
26 15	51259983
26 19	58492096
2 22 20 7	61253335
2 22 20 4	52381190
2 22 20 0	60281147
1 22 27 4	55030761
22 20 15 4	60467800
18 2 20 19	58513750
2 16 13 4	55809464
16 25 15	54930782
26 27	49322510
16 20 15 4	54542876
6 2 27 10	59844553
1 2 24 13 27	54988110
6 2 27 12	60754011
6 2 27 15	49976347
6 2 27 19	57682571
16 27 25 20	60839423
1 2 22 24 27 15	60434694
1 2 16 27 20 15	51383445
1 2 16 27 5	59123537
1 2 16 27 7	59270179
1 2 16 27 20 19	59192566
1 2 22 24 27 20	59065747
1 2 16 27 0	58124372
2 20 23	55468817
1 2 16 27 20 10	61153878
1 2 16 27 4	49487963
16 25 20	53760157
6 2 27 20	47883830
1 2 24 13 15	55926687
1 18 2 20 4	59189283
1 24 15 4	54785516
2 27 10 4	59026855
1 2 20 15 12	57468509
2 20 15	29509933
2 13 20 19	58596977
2 20 19	40536407
1 2 20 15 19	54322816
2 13 20 15	49980769
1 2 24 13 20	55154994
2 20 10	42716746
2 13 20 12	61436820
2 20 12	44174775
2 13 20 10	60447933
1 2 20 15 10	56046784
6 2 0	57227884
1 0 19	59834643
6 2 4	48344408
6 2 5	57679635
6 2 7	57375245
6 18 2	48973837
1 18 2 16 20 15	59561359
2 25 4	54864109
1 2 5 20 15	60682918
24 13 27 15	60179714
16 27 10	49467143
1 2 22 20 12	60469877
1 2 22 20 15	49088109
1 2 22 20 19	57780184
1 22 27 15	48483219
1 22 27 10	58863074
1 22 27 12	59828578
1 18 2 15 4	60221984
1 22 27 19	56461871
24 15 10	55015275
24 15 12	56483711
16 27 20	35365444
1 22 15 19	57902596
1 2 20 4 19	60314229
1 22 27 20	46568396
1 2 27 20 15 4	59988243
1 2 16 24 27 4	60760644
16 27 19	46498343
1 22 15 12	60867603
16 27 15	37367492
16 27 12	50497896
25 20 15	55796761
1 2 22 20 10	59450722
1 22 15 10	59988069
18 24 27	50650988
16 15 4	46686400
1 2 27 20 10	54898170
1 2 27 20 12	56153002
16 15 7	56732254
1 2 27 20 15	44185283
18 24 20	50976361
1 2 27 20 19	52722116
24 27 12	55458343
24 27 10	54011841
18 2 20 4	56109639
1 5 4	58650117
16 27 25	53544330
16 15 0	55330416
1 18	31624080
1 16 27 15 4	58108060
1 19	32789339
1 16	17645358
18 16 24 15	58356762
24 15 19	52683920
18 24 15	51636932
1 27 15 12	56705208
1 15	21131918
1 12	37262282
1 13	31503308
18 24 19	60303564
6 2 24 13	60603862
6 2 24 15	53402242
1 27 15 19	52847462
18 24 13	59405836
6 2 24 19	61437050
1 10	36100165
18 16 24 20	57801483
1 27 15 10	55479089
1 27	18905881
6 2 24 20	51860077
1 25	40997993
1 26	43992063
1 23	49872177
1 24	23736901
1 16 24 20	43552518
6 2 24 27	51739976
1 16 24 27	43293445
1 16 24 13 15	61498516
1 16 24 25	60494788
24 27 25	57987080
1 21	50746044
1 22	26233454
1 20	19142604
2 23 15	56967356
1 16 24 19	53692140
2 22 27 0	60341227
13 27 4	55970530
24 27 20	40916686
6 1 20 19	60167601
1 16 24 12	57521427
1 16 24 10	56422791
2 22 27 5	61436039
1 16 24 15	44693192
2 22 27 4	52823608
1 16 24 13	52983193
6 22 27 20	59896629
24 27 15	42593211
6 1 20 15	51982503
24 27 19	51230639
2 24 13 15	53118269
2 24 13 19	61091467
1 15 4 19	60726137
16 4 19	55583903
16 13 27 15	56209539
22 16 20 19	60586310
2 24 13 20	52259661
22 16 20 15	52033829
2 24 13 27	52115748
1 18 16 4	57469974
2 15 10 4	60120345
16 24 4	49104459
16 0	46237946
16 24 5	57654559
16 24 7	58479804
1 2 26 27 20	61261664
2 24 25 15	60087030
16 7	46912129
16 5	46794389
16 4	35665662
1 16 24 13 27	60596623
1 2 16 7	51302959
1 16 24 13 20	60819112
1 2 16 10 4	61247309
1 2 16 5	51325371
1 2 16 4	40665749
16 24 0	57307701
1 2 16 0	50617992
1 18 15 19	61076270
1 2 13 20	43130185
6 1 2 27	42553705
1 2 13 19	53168740
6 1 2 25	60045915
18 22 27 15	60892424
18 2 13 27	57205478
6 1 2 24	46774121
6 1 2 22	48481752
1 2 16 27 15 4	58967587
1 2 13 12	56641627
6 1 2 20	42831762
1 2 13 10	55910377
18 2 13 20	57455647
1 2 13 15	44136322
2 20 4	37667581
2 20 7	48932336
6 1 2 19	53620566
1 18 27 19	59974214
1 13 5	59580287
6 1 2 16	42211329
1 13 4	50576602
6 1 2 15	44734784
6 1 2 12	56672064
1 13 0	58215332
6 1 2 13	52414510
6 1 2 10	55868820
1 18 27 15	51979244
1 2 13 27	42904751
18 22 27 20	59902491
1 2 13 25	59290830
1 13 7	60368746
1 2 22 27 4	55864208
1 16 24 27 4	59890921
1 18 27 20	50858331
10 15 4	59259498
1 26 19	61305591
1 26 15	54359116
1 13 27 20 15	60180852
2 13 27 20 15	58293754
2 22 16 24 27	55272108
1 2 25 19	59887842
2 22 16 24 20	55276400
16 24 15 4	58264793
1 2 22 24 20 15	60097343
1 26 20	52717637
1 2 25 15	52442405
2 16 13 20 15	56999603
1 2 25 20	51192098
1 26 27	52533783
2 22 20 15 4	61209189
1 13 27 15	52219767
1 13 27 19	59647244
25 4	53989418
16 27 20 4	53028780
1 13 27 20	51056789
18 16 24 27	57456387
1 2 20 15 0	60108018
1 2 20 15 4	52013658
20 15	28065272
1 22 7	56055534
1 22 5	55773582
16 20 19	47328116
1 22 4	46579622
16 20 12	50593670
20 12	42961634
16 20 15	37141750
26 20 15	59130876
20 10	41439642
1 2 13 20 4	59272465
1 2 25 4	58132307
1 24 27 20 4	60894414
16 20 10	49244543
20 19	39210648
16 27 20 0	61473827
2 22 13 27 20	61456443
1 22 0	54915909
22 16 27 20	50748915
22 16 27 15	52396316
16 20 23	60950454
20 23	54372358
22 16 27 19	60101845
2 16 24 27 20 15	58978150
1 27 20 15 4	59162697
24 20 10	53754429
24 20 12	55466293
6 2 22 16 27	60569829
18 22 4	59869042
24 20 15	42378705
6 2 24 27 20	59355978
24 20 19	51920729
6 2 22 16 20	60657570
6 2 22 4	61216977
18 20 10	58660341
16 20 7	54997442
1 2 5 15	53326659
18 20 12	60022018
12 4	52059294
18 20 15	48535727
12 0	59552596
2 27 10 19	60512882
5 19	57471542
12 7	60456458
6 2 24 27 15	60900827
18 2 13 15	57908713
5 10	59909068
5 12	60615268
5 15	48881760
16 20 0	54403970
18 20 19	57586133
16 20 4	44810617
6 22 4	60430082
1 2 5 19	61412090
2 24 27 15 19	61301885
1 2 12 4	56222213
6 2 27 4	56067712
2 24 27 20 15	52636654
18 27 4	55199731
2 24 27 20 19	60420461
5 20	47355858
10	31717510
12	33023101
1 16 20 15	41178340
13	27569501
18 2 22 16 15	60674550
14	60040045
1 2 16 13 19	59965347
15	16127886
16	12586230
1 16 20 19	50826963
18	27121197
1 2 16 13 15	51852418
2 24 4	42260200
19	28443700
2 24 5	51712953
2 24 7	52748700
2 24 0	50958535
1 16 20 10	52824855
1 16 20 12	54023495
1 23 15	58863373
18 2 15 4	57250767
6 2 16 20	47474240
1 2 16 13 20	50952423
6 1 24 15	55334721
1 2 13 15 4	60214167
6 2 16 24	51338632
6 2 16 27	47235316
27 25 4	61343073
20	13949679
21	47397042
2 26 20	50604282
22	21819203
23	46464319
24	18964500
25	36795957
26	40425481
27	13751576
27 5 15	57308524
29	59592923
1 2 16 13 27	50775249
6 1 24 27	53725033
6 2 16 10	59698658
6 2 16 15	49286878
2 13 20 4	56607739
6 2 16 13	57127108
6 2 16 12	60455448
6 2 16 19	57712097
16 13 20 15	56072343
6 1 24 20	53908783
27 12 4	59732854
2 26 27	50498183
6 22 20 15	61348891
1 2 22 24 27	51162801
1 2 16 25 20	58170166
1 18 0	58879063
2 20 4 19	57332186
1 2 16 25 15	59228354
1 18 7	59706308
2 26 19	59556997
1 18 5	59616539
1 18 4	50517254
2 26 15	52406796
1 18 2	32903175
1 2 22 24 19	60527798
24 5 15	59348841
2 22 16 24 15	56322687
1 18 20 4	58360882
2 16 5 15	57100715
2 16 24 27 20	49793068
1 2 22 24 20	51052527
1 22 20 4	54644931
2 16 5 20	55776909
24 5 20	58246606
1 16 13 4	57622182
6 24 20 15	59707653
22 16 27 20 15	59839694
1 16 24 27 20 15	61042268
2 16 12 4	59514991
6 27 20 15	56620418
23 15	55875938
1 2 22 24 15	52354531
1 2 22 24 13	59223779
1 2 21 27	59897319
1 2 20 4	41607648
18 24 27 15	59610296
16 12 19	59666602
2 24 27 20 4	58722082
16 24 20 4	56862797
1 2 20 0	51365300
6 1 18 2 20	59916372
1 2 21 20	59961143
18 27 20 15	56825778
2 20 0	47965869
1 13 20 15	52075188
1 27 0	50142852
6 1 18 2 27	59611596
2 16 24 20 4	57749696
1 27 7	51816953
1 13 20 19	60359836
1 27 5	51050297
1 2 20 7	52455555
1 22 16 20 4	61293266
1 27 4	40758960
1 2 21 15	61009804
2 16 24 27 19	58979399
18 24 27 20	58814096
6 1 18 2 16	59293722
6 1 18 2 15	61066322
2 20 10 19	60771030
2 16 24 27 15	51214534
27 10	41625400
2 22 16 20 15	53053112
27 15	28373574
27 12	42913428
2 16 26 20	57898694
2 16 26 27	57771847
2 24 25 20	59211051
16 24 19	50498131
18 16 19	56161668
2 16 27 20 4	53947699
16 24 13	50100643
18 16 13	55551516
16 24 12	54372009
16 24 15	40956820
1 2 16 4 19	59387198
18 16 15	47135154
18 16 10	58020872
18 16 12	59075853
16 24 10	53151824
18 2 27 20 15	57751158
27 20	26061958
27 25	46058815
27 23	55153843
6 1 2 22 15	58127871
16 13 27 20	55035964
6 1 2 22 16	56229550
2 16 24 15 19	60378456
27 20 15 19	57629621
2 5 20 15	57682323
16 24 27	39472519
27 20 15 10	59338275
18 16 24	49663959
27 19	38455245
18 16 27	45809315
16 24 26	60087316
27 20 15 12	60855638
16 24 25	57364672
16 24 20	39674720
18 16 20	46165404
6 1 2 22 20	56426017
1 2 22 16 10	59146003
2 15 7	50938559
1 2 22 16 15	48208171
2 15 4	39741707
6 1 2 22 27	56403532
1 22 15 4	56373936
1 2 22 16 12	59886751
6 1 2 22 24	59659064
2 15 0	49112887
1 2 22 16 13	55739910
1 18 20	42039253
1 18 22	46878601
18 2 24 4	59704226
2 7 4	56760380
1 22 24 20 15	59184693
1 18 24	45541638
18 24 20 15	59722345
1 18 25	58712600
1 18 26	60612726
15 12	44463817
1 18 27	41651770
1 2 16 24 0	61083036
1 2 16 24 4	53347223
6 2 27	38800749
6 2 26	58984626
1 2 22 16 20	46718237
6 2 25	56990475
6 2 24	43335785
6 2 24 20 15	60739067
6 1 16 19	59350166
6 2 22	45333077
6 1 16 13	58726632
1 2 22 16 27	46790052
6 2 20	39071047
6 1 16 15	51300223
1 18 19	52612689
6 1 16 10	61499403
1 2 22 16 24	50266353
15 19	40405661
2 16 24 15 4	59146307
1 18 10	54578177
1 18 12	55651167
1 18 13	51319873
1 2 22 16 19	56950178
1 18 15	43010585
1 18 16	40617670
6 2 19	50515110
6 2 16	38591834
6 2 15	41138974
1 24 27 4	53413873
6 2 13	49504724
1 24 27 5	61431539
6 2 12	53570969
6 1 16 24	53243253
6 2 10	52693106
1 24 27 0	60556169
6 18 24	59285866
6 1 16 27	49324150
6 1 16 20	49646688
6 18 27	55609561
6 18 20	55939629
1 27 10 4	61192855
6 18 22	60420929
22 27 15	44919605
1 18 20 15	52140983
22 27 12	56907391
22 15 19	54866513
22 27 10	55804770
1 22 27 20 15	56575325
1 22 24 4	58204057
1 18 20 19	60743113
27 5 20	55590132
6 18 15	57209231
6 18 16	55407602
20 10 4	57729378
1 2 16 15 7	60580796
22 13 4	60467899
20 15 10	51441110
20 15 12	53049220
1 2 16 15 0	59171865
1 2 16 15 4	51060149
2 16 20 15 12	60394201
2 16 20 15 19	57713243
20 15 19	49696254
2 16 20 15 10	59079809
24 20 15 19	60601257
1 18 2 27 20	51842736
6 2 27 20 15	57700731
22 15 10	56901258
22 15 12	57935433
2 4 19	49388625
18 22 20 15	60775550
2 24 13 4	59884418
1 18 2 27 15	52985343
1 18 2 27 19	60890402
2 10 19	53383313
6 1 16 20 15	58832042
2 27 25 20	55453988
2 22 13 15	54733565
2 16 12 19	60677466
2 22 13 4	61139249
2 10 12	56895675
16 24 27 10	60495029
1 2 22 27 20 15	57520958
16 24 15 19	59324427
1 2 0 19	60737209
16 24 27 15	50046171
1 18 15 4	59384652
2 22 24 27 20	56084560
1 18 24 15	54968720
16 27 0	54165140
1 24 25 20	61367963
16 27 5	55026121
16 24 27 19	57894474
16 27 4	44981386
16 27 7	55312909
6 1 18 16	58361802
6 1 18 15	60144917
16 24 15 10	61418321
2 16 24 13	51170490
2 16 24 12	55449935
6 1 18 20	59008413
2 16 24 10	54293915
16 24 27 20	48627854
1 18 24 20	54418249
2 16 24 15	42255078
2 16 24 19	51703917
1 18 16 20 15	58694899
1 18 24 27	54053220
1 16 15 10	54173557
0 4	54815059
1 2 16 20 0	58327784
6 1 18 27	58661542
1 27 4 19	59179787
2 16 24 20	40975433
1 24 13 15	54960862
1 16 15 19	51793414
2 16 24 27	40809418
1 22 16 27 20	53965778
2 16 24 26	61108606
2 16 24 25	58418348
1 2 16 20 4	49336478
1 2 16 20 7	59011069
1 16 15 12	55133575
22 27 19	53417353
1 22 16 27 15	55551175
2 22 13 27	53874095
1 24 13 20	54188633
2 0 19	57890251
1 18 2 27 4	59173268
1 24 13 27	54008520
2 22 13 20	53694809
22 27 25	59595717
22 27 20	42951432
2 27 25 15	56935406
1 18 2 24 15	55934542
13 15 4	56874832
6 22 16 20	59694437
1 2 26 15	55444715
1 22 16 4	54166863
22 20 0	59446808
6 22 16 27	59578170
22 20 7	60430225
1 2 26 20	53785706
22 20 4	51522639
22 13 27 20	60669393
1 2 24 27 20	46034981
1 27 15 0	59313616
1 27 12	46752203
6 22 16 15	61180976
1 27 10	45583082
1 27 15 4	51607467
1 2 24 27 19	55617608
1 27 19	42386390
1 27 15	32857412
1 20 4 19	59475969
2 19	29959742
6 16 27 20	54055081
1 2 27 5 20	59739761
2 16	14292793
6 15 12	61278165
2 22 25 20	60338696
2 15	17770262
2 14	61025920
6 15 10	60388264
2 13	28893077
16 19	37757018
1 27 25	49853495
1 27 23	58212188
6 15 19	58543508
1 27 20	30735217
16 21	55031053
16 20	24777575
16 26	48921022
6 20 10	58816137
16 25	45511294
27 15 12	53334959
16 24	29320421
16 23	54022330
27 15 10	52013955
2 12	34402366
2 22 23	60566138
18 2 16 20 15	56416004
2 22 20	34261887
2 10	33171120
6 20 12	59935991
2 22 21	61133694
2 22 26	55976693
2 22 27	34463321
6 20 15	48621571
2 22 24	38455491
27 15 19	49374658
2 22 25	52954625
6 20 19	57286225
2 29	60523038
24 20 15 4	59098720
2 22 24 27 15	57484204
6 16 27 15	55904590
2 27	15435912
1 18 2 24 27	55048828
2 26	41722217
2 25	38113361
2 24	20604381
1 2 27 5 15	61299704
1 18 2 24 20	55372386
16 27	24599390
1 2 26 27	53640176
2 22 19	46371065
1 24 5 20	61227714
2 23	47711450
2 22	23306346
2 22 12	49760950
2 21	48554134
2 22 10	48781712
2 20	15605449
2 22 15	36133493
2 22 16	33637186
2 22 13	45058937
22 20 15	44393939
1 18 2 20 15	53113237
22 20 10	55364516
1 5 15	52216459
22 20 12	56603605
1 22 16 20 15	55252846
1 22 24 20	49992398
16 24 27 4	56922625
22 20 19	53712289
1 22 24 27	50088121
21 27	55900762
1 20 15 4	51102186
1 2 16 24 27 20	53222550
1 20 15 7	60975928
1 20 15 0	59275943
2 16 20 15 4	55422503
6 1 2 16 15	52449186
6 1 2 16 19	60423422
1 2 15 7	54323025
1 2 15 4	43529816
1 2 15 0	52407884
6 1 2 16 13	59666822
1 18 16 27 15	58515213
18 22 16 15	59844524
27 20 10	50209428
27 20 15	38890966
27 20 12	51640375
27 20 19	48020847
26 4	57415540
6 1 2 16 27	50517862
1 25 4	57312625
22 13 20 15	61361510
6 2 13 20	57484666
2 22 16 13 27	60781528
6 1 2 16 20	50786177
6 2 13 27	57255554
6 1 2 16 24	54369627
1 16 24 20 15	53323467
2 22 16 13 20	60656669
1 20 15 10	54990005
20 15 4	47572160
1 16 24 15 4	61166173
1 20 15 12	56457108
1 18 16 27 20	57522791
20 15 7	57848563
21 20	55966762
6 1 27 4	58089785
20 15 0	56240476
21 15	57143338
1 20 15 19	53215588
18 16 27 15	55379275
6 2 13 15	58745198
16 24 20 10	60323568
2 16 27 15 4	55957016
16 24 20 15	49901603
1 15 19	44261550
16 24 20 19	58675702
1 16 27 15	41327052
1 18 16 24	53030008
1 16 27 12	53895696
6 1 18 2	52268459
1 16 27 19	49965171
18 2 16 27 20	55200983
1 18 16 27	49394153
1 2 0	42489371
1 2 7 4	59741685
1 16 27 10	52979141
1 18 16 20	49802416
1 2 4	31737838
2 16 20 7	55881827
1 2 5	43315088
1 15 12	48200201
2 0 4	55596191
1 2 7	43655743
1 15 10	46993286
16 10 4	57366809
1 2 4 19	52651611
22 16 15 4	60043215
1 18 16 19	59215970
13 5	56818672
2 24 13 20 15	60940180
13 4	47585445
13 0	55603792
1 18 16 10	61086940
1 18 16 13	58288914
1 18 16 15	50635825
13 7	57657988
6 1 2 16 4	58523948
1 22 16 24	49181374
1 22 16 27	45661405
1 22 16 20	45623894
1 2 24 0	54155614
18 2 22 16 27	59863023
1 2 24 20 19	56318411
18 2 22 16 20	59961045
1 22 16 19	55919138
1 2 24 20 15	47395760
1 2 24 20 10	58170801
1 2 24 20 12	59681371
1 16 10 4	60393117
1 2 24 5	54911079
1 22 16 13	54842435
1 2 24 7	55969786
1 22 16 15	47111168
1 22 16 10	58136691
1 2 24 4	45884462
1 22 16 12	58959313
1 5 20	50852250
1 16 27 25	56915280
1 12 4	55342275
1 2 16 24 27 15	54507290
1 16 27 20	39507315
1 5 19	60389116
1 2 22 16	37459864
1 2 22 19	49681223
24 20	30694198
24 21	58711287
24 23	57367628
1 2 24	25283488
1 2 23	51049046
18 2 22 16	52315396
1 2 22	27635330
18 2 22 15	53974465
1 2 22 10	52102759
1 2 21	51835053
1 2 22 13	48035867
1 2 20	20700429
18 2 22 13	61172812
1 2 22 12	52946915
1 2 22 15	40039222
1 16 27 0	57203423
6 16 20 15	55861554
1 2 19	34240275
1 2 16	19248461
1 16 27 4	48503278
1 2 15	22688875
1 16 27 5	58108738
1 16 27 7	58460128
24 13	42066477
24 15	32259444
6 1 2 13 15	61260493
24 19	42759537
1 18 2 16 20	50781957
18 2 22 20	53096655
27 4 19	56178902
1 18 2 16 24	54024165
1 16 27 20 19	58161590
1 2 13	32765731
1 18 2 16 27	50423540
1 2 27 15 10	56544639
1 2 12	38576587
1 16 27 20 15	50277738
18 2 22 27	53106165
1 16 27 20 12	61253185
1 2 27 15 12	57721719
1 2 10	37469189
1 16 27 20 10	60180752
18 2 22 24	56220179
15 12 4	60947487
18 2 27 4	56131123
13 27 20 15	57402373
6 1 2 13 20	60121425
24 25	50233746
24 26	53039003
27 12 19	60436970
6 1 2 13 27	59898368
24 27	30558660
1 18 16 24 20	60880384
22 7	53028676
22 5	52809830
22 4	43165341
22 0	51856605
6 18	47866503
6 19	49276158
6 2 16 24 15	60203716
12 19	53108170
6 10	51524484
6 12	52446219
6 13	48432255
6 16	37211439
6 15	39797385
1 18 16 24 27	60487137
1 2 22 27	38359280
1 2 16 24 20 15	54394492
24 20 0	57842482
24 10	45631005
24 12	47135999
1 2 22 20	38195357
6 2 16 24 20	58861361
2 16 20 4	45822318
1 2 22 24	42082066
1 2 22 26	58622064
1 2 22 25	56142912
2 16 20 0	55331829
6 20	37717421
6 22	44129973
6 25	55898230
6 24	42013453
6 27	37413213
6 26	57919800
6 20 4	55124678
1 2 10 4	54711976
24 20 4	49955595
24 20 7	59556066
22 24 19	56732865
27 15 0	56307114
22 24 15	47967034
22 24 13	55834885
2 10 7	60572001
2 10 4	51388783
20 4 19	56449777
1 26 4	60169014
2 16 24 5	58704490
2 16 24 7	59321377
6 2 16 24 27	58689958
18 16 27 20	54248923
2 20 12 4	60235513
2 16 24 4	50127802
22 24 20	46613225
27 15 7	58515175
27 15 4	48155429
13 20 15	48969705
18 22 16 27	59008545
13 20 19	57687008
13 20 10	59562092
13 20 12	60600371
1 12 19	56355460
18 22 16 20	59142934
2 10 0	60278880
2 16 20 12	51683623
2 16 20 10	50402809
22 24 12	60121002
1 18 16 24 15	61325269
2 16 20 15	38448291
22 24 10	58934060
2 16 20 19	48528308
10 15 19	60741403
2 27 5 15	58349173
1 13 15 19	60839874
1 2 27 15 19	53977163
2 16 15 19	49586861
13 20 4	55838137
2 16 15 12	52914498
18 15 4	56359037
1 22 24 13	58365412
2 7 19	58930245
1 22 24 15	51314804
1 2 27	20491453
1 2 26	45213448
1 2 10 19	56655802
22 16 0	59182843
1 2 25	42240760
1 22 24 19	59539869
2 16 15 10	51906714
22 16 5	59971184
22 16 4	51150007
1 2 10 12	60109322
22 16 7	59957810
24 27 20 4	57842298
6 1 15 19	61336216
13 27 19	56980433
5 4	55668544
1 27 20 7	59692186
16 27 15 19	56243587
13 27 15	49159086
1 13 20 4	58540304
1 2 13 27 20 15	61030639
1 20 10	45454282
1 20 15	32618189
27 20 15 4	55996736
1 20 12	46812185
13 27 20	47875801
1 20 19	43163055
1 2 24 15 10	59306778
1 2 24 15 12	60603749
2 27 5 20	56625162
18 27 20	47172269
2 27 12 4	60560738
13 27 10	59684736
1 27 20 0	58203253
16 10	40773621
16 27 15 10	58566260
13 27 12	60571459
16 27 15 12	59593893
16 15	26617105
1 27 20 10	53838555
1 27 20 4	49556616
16 13	37280030
1 27 20 12	55129780
1 20 23	57505754
16 12	41882349
1 27 20 15	42972856
24 4 19	59760332
1 27 20 19	51591976
13 15 10	60490869
18 27 19	56842296
13 15 12	61446361
18 2 16 24 15	59289956
24 27 15 4	59514315
18 27 12	59896581
2 16 27 10	50655743
1 2 24 27 10	58377417
18 27 10	58920458
2 16 27 12	51612744
1 2 24 27 12	59654296
18 27 15	48432348
1 2 24 27 15	47564332
2 22 16 27	43341688
6 1 27 19	59461542
2 22 16 25	60147898
2 16 27 19	47733273
2 16 4 19	56503640
2 24 27 0	58550272
2 22 16 24	47060763
2 22 24 20 15	57093545
2 16 27 15	38712369
2 24 27 4	51091389
2 22 16 20	43232152
2 24 27 5	59525373
6 16 4	54762048
6 1 27 15	52076535
2 24 27 7	60701514
6 1 2 20 4	58952321
27 20 4	45943105
1 2 16 27 20 4	57112072
1 2 24 15 19	57015932
18 2 16 24 20	58716287
1 2 22 27 19	57474465
2 27 5	48753604
1 22 16 24 20	57263284
18 2 16 24 27	58420337
22 24 27	46756325
27 20 0	55074916
2 27 7	49212539
1 2 16 5 15	60000126
2 16 27 20	36704260
2 16 24 0	58265595
2 27 4	37952160
1 22 16 24 27	57195431
2 22 16 19	54026175
2 27 0	47750742
6 27 15	48753219
1 22 20 10	58469313
1 2 22 27 20	47654333
1 22 20 12	59558980
2 22 16 15	44759073
2 22 16 12	57056833
2 16 27 25	54608703
6 27 10	58783818
1 22 20 15	48022168
2 22 16 13	53115678
2 22 16 10	56207547
6 27 12	59734119
1 22 20 19	56790481
6 1 27 20	50152877
13 15 19	58208250
6 27 19	56558238
27 20 7	56460449
1 2 27 20 0	59062221
1 16 24 27 20	52130248
6 27 20	46660153
1 25 20 15	59185638
1 16 24 20 4	59880968
1 22 16 24 15	58283295
1 2 22 27 10	59849688
1 2 22 15 19	58888753
1 2 27 20 4	50502157
6 1 16 27 15	58825301
1 2 27 20 7	60517911
6 16 24 15	59146982
1 2 22 27 15	49564953
1 2 22 27 12	60745544
18 15 19	57976524
18 15 12	60818775
6 1 16 27 20	57131653
18 15 10	59624658
6 1 27	41244800
6 1 26	60653139
6 1 25	59016296
6 1 24	45528773
1 18 2 16 13	59092905
6 1 22	47350191
1 18 2 16 15	51644645
1 2 16 26 20	60688693
1 16 27 15 19	59306593
6 1 20	41562231
1 18 2 16 19	60127441
22 5 20	60075786
24 15 7	61058071
24 15 4	51526329
6 1 19	52435808
6 1 18	51225554
24 15 0	58795254
6 1 16	40914261
22 16 20 4	58522797
6 1 15	43463128
6 16 24 20	57801358
1 16 24 27 15	53405610
6 1 13	51392204
18 16 20 15	55491042
6 1 12	55599449
6 1 10	54768651
22 5 15	61374911
1 2 22 15 10	60961731
16 15 10	50746411
2 16 15 4	47692884
16 15 12	51821986
2 16 15 0	56276859
1 2 16 26 27	60517100
16 15 19	48386056
6 16 24 27	57587239
2 16 15 7	57583859
1 16 24 27 19	60785680
1 0	41395033
2 20 15 19	50854207
1 2	7511610
1 4	30533050
1 16 27	29149817
1 5	42066927
1 16 26	52052437
1 7	42638032
22 24 20 15	56121285
1 2 27 25	50949619
1 2 13 27 19	60556879
18 2 27 20	48227235
1 2 13 27 20	52021910
1 20 7	51524709
2 20 15 10	52559803
1 20 4	40562170
1 27 5 15	60309229
1 16 25	49249844
22 16 27	42140449
1 16 24	33559935
1 16 23	57052491
2 20 15 12	54109699
1 16 21	57973458
1 16 20	29381478
2 13 27 4	56770966
1 22 16 27 4	61509964
1 16 19	41594119
1 16 15	31039696
1 2 16 27 15 19	60343537
1 2 27 15	34244133
1 20 0	50423433
1 2 27 19	43683385
1 2 27 15 0	60194187
1 24 20 0	60810465
6 2 22 27	53534568
2 21 27	56933139
1 2 27 23	59260590
6 2 22 24	57018413
1 2 27 15 4	52551680
1 2 13 27 15	53197850
1 2 27 20	32116464
6 2 22 20	53556754
1 18 27 4	58307394
1 16 13	40743008
1 16 12	45636554
2 21 20	56971193
1 16 10	44665714
6 16 27	45967222
2 22 24 12	61047546
2 22 24 13	56733221
22 16 10	55135755
6 16 24	50139523
22 16 12	56087561
22 16 13	52173963
2 22 24 10	59950229
22 16 15	43597978
1 16 26 27	59510477
18 20 4	55221470
1 16 20 7	58178008
6 2 22 16	53462809
6 2 22 15	55292472
2 22 5 20	60994382
1 16 26 20	59722412
1 2 27 4 19	60053785
6 16 20	46254905
2 22 24 19	57771553
6 2 20 4	56034291
2 22 24 15	49066975
2 21 15	58158456
18 0	55883179
22 16 20	42059322
6 16 15	48071168
6 16 13	56139548
6 16 12	59435263
22 16 24	45905304
2 22 24 20	47746190
22 16 25	59218966
6 16 10	58635377
18 7	56521625
6 1 2 20 15	53105021
18 5	56581060
18 4	47075939
6 16 19	56587833
18 2	28483565
1 16 26 15	61187023
2 26 20 15	60141441
22 16 19	52941976
2 22 24 27	47897946
1 18 27 20 15	60058959
1 2 16 5 20	58840099
2 16 25 15	55975878
6 1 2 20 19	61206317
1 18 13 27	59169324
1 2 15 10	48193440
2 27 12 19	61432119
1 18 13 20	59475724
2 16 25 20	54820576
18 2 15 19	58913872
18 2 15 10	60547694
1 18 13 15	59827632
16 13 4	54978680
1 16 20 15 10	61220598
1 18 2 13 20	60231622
1 22 13 27	55683092
1 16 20 15 19	59773784
1 18 2 13 27	59956058
1 2 27 12	47916264
2 5 4	56531632
22 27 15 4	61117549
1 2 27 10	46798393
1 16 20 15 4	57699318
1 2 15 19	45527321
1 2 15 12	49348254
1 7 4	59111613
2 22 27 20 15	54324640
1 22 13 20	55530917
18 2 27 15	49503062
1 22 13 15	56561321
18 2 27 19	57804051
1 18 2 13 15	60598820
18 2 27 10	59868092
18 2 27 12	60786497
6 2 16 20 15	56937983
1 2 22 16 20 15	56208641
18 22 24	55312510
10 19	52213553
27 0	46682280
1 18 2 16 24 27	61388571
18 22 27	52155821
10 12	55848112
6 1 2 27 19	60539715
27 7	48256145
18 22 20	52177185
27 5	47578398
10 15	43135694
27 4	36793709
6 1 2 27 15	53234939
1 24 5	53808720
1 24 4	44829452
1 2 27 7	52717382
1 24 0	53184852
1 27 25 15	59255538
1 2 27 5	52165168
1 2 27 4	41845985
1 2 27 0	51138557
1 24 7	55075861
18 22 13	60471419
18 22 15	53052644
2 13 19	50236291
6 1 2 27 20	51301404
18 22 16	51370684
1 2 22 16 4	55000657
2 13 15	40764218
22 10	47600737
1 27 25 20	57874380
2 13 12	53780274
2 13 10	52957464
2 22 16 0	60053082
2 22 16 7	60746677
2 22 16 5	60902474
2 22 16 4	52036808
6 18 2 16	56400413
6 18 2 15	58184002
6 1 15 4	59765712
6 18 2 24	60244910
6 18 2 22	61285281
1 16 24 4	52386347
1 16 24 5	60551870
6 18 2 20	56908536
18 24 4	58815900
1 16 24 7	61383199
1 4 19	51683764
6 2 24 4	59772289
1 2 16 20 15 4	58525403
6 2 16 27 15	57025615
22 27 20 4	59255654
6 1 27 20 15	59668046
6 18 2 27	56620445
6 1 2 16 20 15	59843329
6 1 22 15	57130919
6 1 22 16	55212574
6 24 4	58871049
6 2 16 27 20	55171324
2 16 13 27	47718126
1 24 10	49299006
6 1 22 24	58688088
1 24 19	46356972
1 24 13	45321036
6 1 22 27	55381426
1 24 12	50655811
1 24 15	36463495
2 16 13 20	47864994
6 1 22 20	55424440
2 16 13 15	48888076
2 16 13 10	59885314
22 24 27 15	56503160
2 25 20	47436854
2 16 13 12	60566262
1 24 20	35040630
1 16 20 0	57470803
1 24 21	61484346
2 16 13 19	57400336
1 16 20 4	48391751
1 2 23 15	59899454
1 24 27	34853582
1 24 23	60226625
1 24 26	56000213
1 13 15 4	59483843
1 24 25	53729708
22 16 27 4	58775199
22 24 27 20	55081803
2 25 10	59803500
6 1 2 15 4	60618232
2 13 26	59289415
2 13 27	39428797
1 24 20 4	53328184
2 13 25	56427581
2 13 20	39640607
2 25 15	48786177
2 25 12	60331531
2 25 19	56705106
20 10 19	59753197
16 27 20 15	46662190
16 27 20 10	56948253
16 27 20 12	58147683
16 27 20 19	55002927
1 2 22 24 4	59007312
6 1 2 24 20	55009224
16 10 19	58896371
6 1 2 24 27	54859393
1 16 13 27 15	58906225
2 27 20 15	40175728
6 1 2	33018204
6 1 4	50566226
6 1 5	59374744
2 27 20 19	49203923
13 12	52827285
6 1 7	59440856
13 10	51941697
16 24 27 20 15	57958833
24 10 4	61427992
2 27 20 10	51342944
6 1 0	59059302
2 27 20 12	52716547
1 16 13 27 20	57854037
6 2 16 4	55703972
1 16 15 7	59778137
18 16 4	54413112
13 15	39610946
1 16 15 4	50113106
13 19	49188173
20 12 4	59421064
1 16 15 0	58285429
2 16 10 4	58278465
13 20	38485305
2 22 16 27 4	59577783
1 2 22 0	55805215
15 4 19	57789556
6 24 13	59661049
2 22 0	52810463
6 24 19	60359708
1 2 22 7	56900101
6 24 15	52242252
1 2 22 4	47506007
1 2 22 5	56756734
18 2 16 27 15	56351912
10 7	59761738
10 4	50395832
2 27 15 7	59358119
2 27 15 4	49157923
2 27 15 0	57244558
6 24 20	50684257
10 0	59349512
6 24 27	50537577
22 16 13 20	59834777
22 16 13 27	59941745
1 16 4 19	58510706
2 27 4 19	57093733
6 1 16 24 20	60665166
1 21 20	59021341
1 21 27	58926601
1 2 13 20 15	53041912
1 2 24 27 20 15	56023568
22 16 13 15	60748043
6 1 16 24 27	60400640
7 19	58083615
2 22 16 27 20 15	60757416
2 22 7	53918442
2 25 20 15	56825452
1 16 24 0	60194034
2 22 4	44147846
1 2 13 20 19	61242557
2 22 5	53845047
2 22 20 10	56412003
6 0	56278201
6 1	31578230
6 2	28889133
6 4	47310154
6 5	56596246
1 18 2 27 20 15	60926961
2 16 19	39130488
6 7	56494740
2 24 13 27 15	61075338
2 16 15	28108995
2 16 12	43125609
2 16 13	38494773
2 22 20 19	54757082
2 16 10	42093447
2 22 20 12	57560619
2 22 20 15	45527192
2 16 27	26133974
2 16 25	46704652
2 16 26	50102218
2 24 20 0	58743085
2 16 23	55152963
2 16 24	30808334
2 16 21	56102921
1 16 0	49617492
2 16 20	26267584
2 24 13 27 20	60074457
1 16 7	50398000
1 16 5	50202653
1 16 4	39576663
6 1 2 4	51538230
1 2 16 27 10	54093017
2 22 27 25	60499107
1 2 16 27 12	54954982
6 1 2 5	60405125
6 1 2 0	59945866
2 22 27 20	44112317
6 1 24 27 20	61220365
1 2 22 20 4	55447966
1 2 24 27 0	61440869
6 1 2 7	60278044
6 15 4	56928082
1 2 24 27 4	54367566
1 2 16 27 20	40762018
22 25 15	60780252
22 15 0	60394930
1 2 16 27 19	51146853
22 15 4	53293216
1 2 16 13 4	58412800
1 2 16 27 15	42595543
22 25 20	59417480
27 25 20	54418561
2 22 27 20 4	60030260
22 13 20	52795966
1 2 22 16 27 15	56537921
22 13 15	53846529
1 2 16 27 25	57916421
1 18 22 16	54449744
1 18 22 15	56190325
2 22 27 15	46064565
2 24 15 10	56102062
27 25 15	55918759
2 22 27 10	56854295
2 22 27 12	57865929
2 24 15 12	57515028
1 16 13 20 15	58821979
1 18 22 20	55354763
2 24 15 0	59694816
22 13 27	52967336
1 21 15	60047779
2 24 15 4	52485523
2 22 27 19	54479415
1 18 22 24	58241491
1 18 22 27	55283003
2 24 15 19	53830560
24 13 27	51091190
2 16 24 13 20	59125914
2 27 15 19	50552357
6 1 2 16 24 27	61439569
2 27 15 12	54401957
22 24 4	55332398
2 16 24 13 27	58959122
2 27 15 10	53141162
1 27 20 15 19	60798257
24 13 15	52112014
2 24 27 19	52413251
2 26 4	58305901
24 13 19	60169127
2 26 27 20	58389862
2 24 27 10	55131472
24 27 7	59865723
1 2 22 16 27 20	54948885
2 24 27 12	56516553
2 24 27 15	43859591
24 27 5	58485911
24 27 4	50078552
24 13 20	51246305
24 27 0	57602487
16 26 20	56866086
2 0	38727081
27 10 4	58125062
25 10	58776975
2 4	27415395
2 5	39544762
25 12	59326227
2 13 4	48479199
13 26	58374814
2 13 5	57728230
2 7	39774606
13 27	38260101
2 13 7	58387690
13 25	55517162
2 13 0	56467305
2 27 20 7	57336224
25 20 4	61143645
1 2 16 15 10	55271987
2 24 27 20	42194343
1 2 16 15 12	56175848
2 16 27 4	46035022
2 16 27 5	56097751
18 2 22 4	60650680
2 24 4 19	60644697
2 16 27 0	55157072
2 24 27 25	59011917
2 26 27 15	60224317
1 2 0 4	58529308
16 26 15	58467560
2 16 27 7	56177469
1 20 10 4	60835266
25 20	46260406
1 2 16 15 19	52945109
6 1 2 24 15	56430658
24 25 20	58167620
2 16 24 13 15	59911735
2 27 20 4	46952297
24 25 15	59081800
2 27 20 0	55998955
16 26 27	56696655
25 15	47637435
1 27 5 20	58760156
22 27 20 19	60992652
25 19	55621022
22 27 20 15	53316385
